Year,gov_expenditure,life_expectancy,inflation,tax,corruption
1980,1741.328162,64.2819,26.351652,12.1449,0.819
1981,2120.382594,64.7219,27.933764,11.851439,0.819
1982,2525.61408,65.2561,58.91342,12.044237,0.777
1983,2088.177592,65.7563,101.87494,14.39056,0.77
1984,1936.677045,66.2145,65.44881,13.963164,0.77
1985,2089.8803,66.7745,57.748447,13.473371,0.77
1986,2333.978275,67.3767,86.233315,12.866385,0.77
1987,2466.835072,67.9037,131.82738,13.661642,0.77
1988,2169.014806,68.2994,114.16226,12.86284,0.77
1989,1805.311456,68.6209,20.007877,13.28731,0.766
1990,1606.765437,69.0342,26.651672,9.97005,0.766
1991,1391.839145,69.3683,22.66236,9.958635,0.766
1992,1372.539935,69.6633,15.507896,10.253746,0.766
1993,1274.706942,69.9607,9.75146,9.176056,0.766
1994,1344.478729,70.3017,6.965812,9.076513,0.676
1995,1318.800217,70.703,34.99927,7.4735947,0.658
1996,2160.884008,71.0876,34.378384,7.3984175,0.658
1997,2287.40657,71.4723,20.62563,8.116367,0.639
1998,2242.112219,71.7924,15.928395,8.65876,0.637
1999,2395.129473,72.2034,16.585617,9.358912,0.637
2000,2445.29816,72.5621,9.491562,8.971012,0.55
2001,2456.118166,72.9118,6.3677382,9.55311,0.548
2002,2499.697474,73.1056,5.0307274,9.906278,0.573
2003,2751.363779,73.308,4.5469003,9.889275,0.608
2004,2718.540645,73.4324,4.688409,8.863751,0.608
2005,2889.0117,73.6267,3.9880571,8.650176,0.608
2006,3082.765026,73.7457,3.6294677,8.995586,0.607
2007,3307.148474,73.7955,3.966849,9.354199,0.607
2008,3924.436458,73.6949,5.124983,10.02345,0.607
2009,3719.470045,73.6281,5.2973557,9.679798,0.607
2010,3892.156681,73.7181,4.1567273,10.110914,0.632
2011,4049.217151,73.9209,3.4073782,10.0124035,0.632
2012,4197.90505,74.1278,4.11151,9.770676,0.661
2013,4164.229432,74.289,3.8063908,10.294579,0.759
2014,4280.612248,74.4044,4.018616,10.628389,0.759
2015,4311.590894,74.4315,2.7206407,12.782394,0.726
2016,4430.599432,74.3763,2.821708,13.534361,0.726
2017,4228.104944,74.2609,6.041457,13.035672,0.686
2018,4258.617689,74.3009,4.89935,13.064639,0.655
2019,4241.136987,74.5302,3.6359615,13.144053,0.611
2020,4238.786415,70.4492,3.3968341,14.28684,0.598
2021,4241.566627,69.7499,5.6892085,13.872029,0.51
2022,4639.851131,73.9731,7.896276,16235.455,0.549
